'''
images\113-2midterm\forLoopMultiplication.jpg
第4题
請利用多重迴圈的技巧讓程式能印出下列結果，排版需符合下列結果。

81 72 63 54 45 36 27 18  9
72 64 56 48 40 32 24 16  8
63 56 49 42 35 28 21 14  7
54 48 42 36 30 24 18 12  6
45 40 35 30 25 20 15 10  5
36 32 28 24 20 16 12  8  4
27 24 21 18 15 12  9  6  3
18 16 14 12 10  8  6  4  2
 9  8  7  6  5  4  3  2  1
'''